{
 "cells": [
  {
   "cell_type": "markdown",
   "metadata": {
    "id": "MIaiIifY9v9t"
   },
   "source": [
    "### General Strategy\n",
    "\n",
    "The portfolio will be “Risky”. This means that the goal of our portfolio is to deviate as much as possible from the initial starting value of $500,000. Our aim is to then create a portfolio that is as volatile as possible. We are not concerned whether this portfolio gains or loses value, as our goal is to only deviate from the starting value as much as possible. \n",
    "\n",
    "To create a risky portfolio, we first analyze stocks based on Beta. Beta is a measure of a stock’s volatility based on the market’s volatility. We wish to choose stocks with the highest possible Betas, as this means that these investments will move the most relative to the market. \n",
    "\n",
    "We also need to ensure that our holdings will be positively correlated. Since we have already filtered for volatile stocks, if they are negatively correlated (meaning they move inversely to each other), then the volatility of both stocks would be mitigated. This means the gains/losses would be offset by each other. We need investments that are positively correlated as they both need to move in the same direction as each other for their returns not to offset. \n",
    "\n",
    "The portfolio will contain the minimum number of stocks allowed, which is 12. We want to avoid diversification as much as possible, as a more diversified portfolio will lead to less variance. The best method to avoid diversification is to have the minimum amount of investments possible. \n"
   ]
  },
  {
   "cell_type": "code",
   "execution_count": 3,
   "metadata": {
    "id": "bZx2yt6xcY3z"
   },
   "outputs": [],
   "source": [
    "from IPython.display import display, Math, Latex\n",
    "\n",
    "import pandas as pd\n",
    "import numpy as np\n",
    "import numpy_financial as npf\n",
    "import yfinance as yf\n",
    "import matplotlib.pyplot as plt\n",
    "from datetime import datetime\n",
    "from datetime import timedelta"
   ]
  },
  {
   "cell_type": "markdown",
   "metadata": {
    "id": "100pubqq8f7l"
   },
   "source": [
    "### Stock Filtering\n",
    "\n",
    "The first step in this assignment is to read the “Tickers.csv” file to get all of the provided tickers we have to work with. Then, we must clean this file to ensure that the tickers which are produced both work with our code for analyzing each stock and adhere to the specifications of the assignment. \n",
    "\n",
    "When creating our stock filtering function, we create an empty list (filtered_tlist), in which valid tickers are added. \n",
    "\n",
    "When evaluating whether a ticker is valid or not, \n",
    "\n",
    "Our filter function removes Tickers that may have been delisted, as delisted stocks cannot be held in a portfolio. \n",
    "\n",
    "- Duplicate Tickers are removed and only unique tickers are considered. \n",
    "\n",
    "- Tickers with less than a volume of 200,000 are removed. \n",
    "\n",
    "- Any months with less than 20 trading days are removed. \n",
    "\n",
    "- Any stocks that are not denominated in USD are removed. \n",
    "\n",
    "For every Ticker that is removed, our code makes a note of which Ticker was removed and why it was removed. \n",
    "\n",
    "When all Tickers from “Tickers.csv” are evaluated, the tickers that remain in filtered_tlist are all valid Tickers, which we can then perform our data analysis on and choose from to create our final portfolio. \n"
   ]
  },
  {
   "cell_type": "code",
   "execution_count": 2,
   "metadata": {
    "colab": {
     "base_uri": "https://localhost:8080/"
    },
    "id": "7EnNwEeWzD7J",
    "outputId": "fc4f3d57-bbf2-476b-8232-c6f5730df9e2"
   },
   "outputs": [
    {
     "name": "stdout",
     "output_type": "stream",
     "text": [
      "removed FTCV since volume doesn't meet threshold\n",
      "removed ERH since volume doesn't meet threshold\n",
      "removed LOPX since currency isn't USD\n",
      "removed MNDO since volume doesn't meet threshold\n",
      "removed FDEU since currency isn't USD\n",
      "removed TPGY since currency isn't USD\n",
      "removed KTRA since volume doesn't meet threshold\n",
      "removed ORIA since volume doesn't meet threshold\n",
      "- OBAS: No data found, symbol may be delisted\n",
      "removed OBAS since delisted\n",
      "removed VXX since currency isn't USD\n",
      "removed HTLF since volume doesn't meet threshold\n",
      "removed LEGAU since volume doesn't meet threshold\n",
      "removed EBLU since currency isn't USD\n",
      "removed IWO since currency isn't USD\n",
      "removed KONG since currency isn't USD\n",
      "removed TEAF since currency isn't USD\n",
      "removed STRT since volume doesn't meet threshold\n",
      "removed BEPH since currency isn't USD\n",
      "removed LITM since currency isn't USD\n",
      "removed GSJY since currency isn't USD\n",
      "removed ONLN since currency isn't USD\n",
      "removed CHAU since currency isn't USD\n",
      "removed TELA since volume doesn't meet threshold\n",
      "removed OVL since currency isn't USD\n",
      "removed SELF since volume doesn't meet threshold\n",
      "removed CHIH since currency isn't USD\n",
      "removed BNDW since currency isn't USD\n"
     ]
    },
    {
     "data": {
      "text/plain": [
       "['TNXP',\n",
       " 'YCBD',\n",
       " 'CLVS',\n",
       " 'RMBS',\n",
       " 'AMWL',\n",
       " 'DEA',\n",
       " 'EAT',\n",
       " 'CW',\n",
       " 'NLOK',\n",
       " 'OCUL',\n",
       " 'COF',\n",
       " 'SFT',\n",
       " 'DGII',\n",
       " 'SIOX',\n",
       " 'MRUS',\n",
       " 'PTVE']"
      ]
     },
     "execution_count": 2,
     "metadata": {},
     "output_type": "execute_result"
    }
   ],
   "source": [
    "file = 'Tickers.csv'\n",
    "df = pd.read_csv(file, header=None)\n",
    "#convert dataframe to list of ticker names\n",
    "ticker_list = [row[0] for row in df.values]\n",
    "\n",
    "start_date = '2022-01-01'\n",
    "end_date = '2022-10-31'\n",
    "\n",
    "tickers_close = {}\n",
    "tickers_info = {}\n",
    "filtered_tlist = []\n",
    "\n",
    "for ticker in ticker_list:\n",
    "    temp = yf.Ticker(ticker)\n",
    "    temp_info = temp.info\n",
    "    temp_hist = temp.history(start=start_date, end=end_date)\n",
    "    threshold_vol = 200000\n",
    "    threshold_day = 20\n",
    "    currency = 'USD'\n",
    "    \n",
    "    #filtering process\n",
    "    if temp_hist.empty: \n",
    "        print(\"removed\", ticker, \"since delisted\")\n",
    "    elif ticker in filtered_tlist:\n",
    "        print(\"duplicate ticker:\", ticker)\n",
    "    else:\n",
    "        \n",
    "        #splitting the history dataframe of a ticker by month\n",
    "        group_months = temp_hist.reset_index().groupby(pd.Grouper(key='Date', freq='M'))\n",
    "        dfs = [group for _,group in group_months]\n",
    "        filtered_dfs = []\n",
    "        for i, df in enumerate(dfs):\n",
    "            #recombine all the months with more trading days than set threshold\n",
    "            if len(df.index) >= threshold_day:\n",
    "                filtered_dfs.append(df)\n",
    "        temp_hist_new = pd.concat(filtered_dfs)\n",
    "        temp_hist_new.set_index(\"Date\", inplace=True)\n",
    "\n",
    "        #further filtering for currency and volume thresholds\n",
    "        if temp_info.get(\"financialCurrency\") != currency:\n",
    "            print(\"removed\", ticker, \"since currency isn't USD\")\n",
    "        elif temp_hist_new['Volume'].mean() < threshold_vol:\n",
    "            print(\"removed\", ticker, \"since volume doesn't meet threshold\")\n",
    "        else:\n",
    "            #add all stocks that pass filters and store their respective data in dictionaries\n",
    "            tickers_close[ticker] = temp_hist\n",
    "            tickers_info[ticker] = temp_info\n",
    "            filtered_tlist.append(ticker)\n",
    "\n",
    "filtered_tlist "
   ]
  },
  {
   "cell_type": "markdown",
   "metadata": {
    "id": "IC-nnVOc8osO"
   },
   "source": [
    "### Ranking Based on Beta\n",
    "\n",
    "The first step in our analysis is to rank the filtered stocks based on their beta. As stated previously, beta is a measure of a stock’s volatility relative to the market volatility. When trying to create a volatile portfolio, as is our goal, beta is an immensely important factor on which to base our decisions for choosing our final portfolio. \n",
    "\n",
    "Our beta function first gets all of the betas using the .info() function and then sorts them into a list from highest to lowest betas. We then focus on the stocks which have the highest betas, as they will be the most attractive for our uses. \n"
   ]
  },
  {
   "cell_type": "code",
   "execution_count": 3,
   "metadata": {
    "colab": {
     "base_uri": "https://localhost:8080/"
    },
    "id": "Lk_cCtGgUeip",
    "outputId": "a71e2ebd-8e09-4917-a9d8-af9dd5c66e13"
   },
   "outputs": [
    {
     "data": {
      "text/plain": [
       "{'EAT': 2.352194,\n",
       " 'YCBD': 2.179478,\n",
       " 'TNXP': 1.670293,\n",
       " 'SIOX': 1.581066,\n",
       " 'PTVE': 1.536817,\n",
       " 'COF': 1.432716,\n",
       " 'SFT': 1.397904,\n",
       " 'OCUL': 1.371055,\n",
       " 'CW': 1.278926,\n",
       " 'DGII': 1.252811,\n",
       " 'RMBS': 1.172651,\n",
       " 'NLOK': 0.998549,\n",
       " 'MRUS': 0.910409,\n",
       " 'DEA': 0.610083,\n",
       " 'CLVS': 0.389916,\n",
       " 'AMWL': 0.350525}"
      ]
     },
     "execution_count": 3,
     "metadata": {},
     "output_type": "execute_result"
    }
   ],
   "source": [
    "tlist_betas = []\n",
    "#create nested list with ticker and its beta from info dictionary\n",
    "for ticker in filtered_tlist:\n",
    "  tlist_betas.append([ticker, tickers_info.get(ticker)['beta']])\n",
    "\n",
    "#sort tickers by decreasing beta\n",
    "tlist_betas = sorted(tlist_betas, key = lambda x: x[1], reverse = True)\n",
    "#convert list to dictionary\n",
    "tdict_betas = {b[0]: b[1] for b in tlist_betas}\n",
    "\n",
    "tdict_betas"
   ]
  },
  {
   "cell_type": "markdown",
   "metadata": {
    "id": "CUBx9oaJ9KPK"
   },
   "source": [
    "### Ranking Based on Correlation \n",
    "\n",
    "The next step in our analysis is to use the sorted betas list and then assess the correlation of the stocks within that list. It is not enough to only select the 12 stocks that are the most volatile. If volatile stocks are negatively correlated, then their returns offset each other and act as a hedge. To ensure that our holdings do not offset each other, we have to make sure that they are positively correlated, meaning they move in the same direction. Our code creates a correlation matrix, which compares every stock and its correlations to one another. \n"
   ]
  },
  {
   "cell_type": "code",
   "execution_count": 4,
   "metadata": {
    "colab": {
     "base_uri": "https://localhost:8080/",
     "height": 615
    },
    "id": "kzn726JJDTvi",
    "outputId": "5e2862ae-4b0d-41a2-89f9-1615d20ddf6b"
   },
   "outputs": [
    {
     "data": {
      "text/html": [
       "<div>\n",
       "<style scoped>\n",
       "    .dataframe tbody tr th:only-of-type {\n",
       "        vertical-align: middle;\n",
       "    }\n",
       "\n",
       "    .dataframe tbody tr th {\n",
       "        vertical-align: top;\n",
       "    }\n",
       "\n",
       "    .dataframe thead th {\n",
       "        text-align: right;\n",
       "    }\n",
       "</style>\n",
       "<table border=\"1\" class=\"dataframe\">\n",
       "  <thead>\n",
       "    <tr style=\"text-align: right;\">\n",
       "      <th></th>\n",
       "      <th>EAT</th>\n",
       "      <th>YCBD</th>\n",
       "      <th>TNXP</th>\n",
       "      <th>SIOX</th>\n",
       "      <th>PTVE</th>\n",
       "      <th>COF</th>\n",
       "      <th>SFT</th>\n",
       "      <th>OCUL</th>\n",
       "      <th>CW</th>\n",
       "      <th>DGII</th>\n",
       "      <th>RMBS</th>\n",
       "      <th>NLOK</th>\n",
       "      <th>MRUS</th>\n",
       "      <th>DEA</th>\n",
       "      <th>CLVS</th>\n",
       "      <th>AMWL</th>\n",
       "    </tr>\n",
       "  </thead>\n",
       "  <tbody>\n",
       "    <tr>\n",
       "      <th>EAT</th>\n",
       "      <td>1.000000</td>\n",
       "      <td>0.736091</td>\n",
       "      <td>0.781966</td>\n",
       "      <td>0.596389</td>\n",
       "      <td>0.217418</td>\n",
       "      <td>0.847045</td>\n",
       "      <td>0.740395</td>\n",
       "      <td>0.349015</td>\n",
       "      <td>0.219253</td>\n",
       "      <td>-0.521524</td>\n",
       "      <td>0.597318</td>\n",
       "      <td>0.801870</td>\n",
       "      <td>0.429392</td>\n",
       "      <td>0.555828</td>\n",
       "      <td>0.384343</td>\n",
       "      <td>-0.099586</td>\n",
       "    </tr>\n",
       "    <tr>\n",
       "      <th>YCBD</th>\n",
       "      <td>0.736091</td>\n",
       "      <td>1.000000</td>\n",
       "      <td>0.923274</td>\n",
       "      <td>0.811869</td>\n",
       "      <td>0.286893</td>\n",
       "      <td>0.891576</td>\n",
       "      <td>0.898808</td>\n",
       "      <td>0.342729</td>\n",
       "      <td>-0.131503</td>\n",
       "      <td>-0.717925</td>\n",
       "      <td>0.374849</td>\n",
       "      <td>0.813660</td>\n",
       "      <td>0.471691</td>\n",
       "      <td>0.826779</td>\n",
       "      <td>0.510240</td>\n",
       "      <td>0.085394</td>\n",
       "    </tr>\n",
       "    <tr>\n",
       "      <th>TNXP</th>\n",
       "      <td>0.781966</td>\n",
       "      <td>0.923274</td>\n",
       "      <td>1.000000</td>\n",
       "      <td>0.889300</td>\n",
       "      <td>0.249187</td>\n",
       "      <td>0.902556</td>\n",
       "      <td>0.957045</td>\n",
       "      <td>0.469659</td>\n",
       "      <td>-0.081415</td>\n",
       "      <td>-0.681827</td>\n",
       "      <td>0.431260</td>\n",
       "      <td>0.801855</td>\n",
       "      <td>0.581211</td>\n",
       "      <td>0.803044</td>\n",
       "      <td>0.616765</td>\n",
       "      <td>0.114255</td>\n",
       "    </tr>\n",
       "    <tr>\n",
       "      <th>SIOX</th>\n",
       "      <td>0.596389</td>\n",
       "      <td>0.811869</td>\n",
       "      <td>0.889300</td>\n",
       "      <td>1.000000</td>\n",
       "      <td>0.426529</td>\n",
       "      <td>0.811936</td>\n",
       "      <td>0.889719</td>\n",
       "      <td>0.625380</td>\n",
       "      <td>-0.171452</td>\n",
       "      <td>-0.430851</td>\n",
       "      <td>0.309766</td>\n",
       "      <td>0.606118</td>\n",
       "      <td>0.638691</td>\n",
       "      <td>0.727798</td>\n",
       "      <td>0.673315</td>\n",
       "      <td>0.378745</td>\n",
       "    </tr>\n",
       "    <tr>\n",
       "      <th>PTVE</th>\n",
       "      <td>0.217418</td>\n",
       "      <td>0.286893</td>\n",
       "      <td>0.249187</td>\n",
       "      <td>0.426529</td>\n",
       "      <td>1.000000</td>\n",
       "      <td>0.312775</td>\n",
       "      <td>0.350687</td>\n",
       "      <td>0.460560</td>\n",
       "      <td>0.051501</td>\n",
       "      <td>0.212126</td>\n",
       "      <td>0.230937</td>\n",
       "      <td>0.121964</td>\n",
       "      <td>0.314940</td>\n",
       "      <td>0.387155</td>\n",
       "      <td>0.167901</td>\n",
       "      <td>0.540903</td>\n",
       "    </tr>\n",
       "    <tr>\n",
       "      <th>COF</th>\n",
       "      <td>0.847045</td>\n",
       "      <td>0.891576</td>\n",
       "      <td>0.902556</td>\n",
       "      <td>0.811936</td>\n",
       "      <td>0.312775</td>\n",
       "      <td>1.000000</td>\n",
       "      <td>0.864107</td>\n",
       "      <td>0.404928</td>\n",
       "      <td>-0.147946</td>\n",
       "      <td>-0.700730</td>\n",
       "      <td>0.333371</td>\n",
       "      <td>0.861595</td>\n",
       "      <td>0.514029</td>\n",
       "      <td>0.794120</td>\n",
       "      <td>0.528807</td>\n",
       "      <td>0.122793</td>\n",
       "    </tr>\n",
       "    <tr>\n",
       "      <th>SFT</th>\n",
       "      <td>0.740395</td>\n",
       "      <td>0.898808</td>\n",
       "      <td>0.957045</td>\n",
       "      <td>0.889719</td>\n",
       "      <td>0.350687</td>\n",
       "      <td>0.864107</td>\n",
       "      <td>1.000000</td>\n",
       "      <td>0.571174</td>\n",
       "      <td>-0.068004</td>\n",
       "      <td>-0.575143</td>\n",
       "      <td>0.490848</td>\n",
       "      <td>0.781836</td>\n",
       "      <td>0.677541</td>\n",
       "      <td>0.814320</td>\n",
       "      <td>0.664711</td>\n",
       "      <td>0.268084</td>\n",
       "    </tr>\n",
       "    <tr>\n",
       "      <th>OCUL</th>\n",
       "      <td>0.349015</td>\n",
       "      <td>0.342729</td>\n",
       "      <td>0.469659</td>\n",
       "      <td>0.625380</td>\n",
       "      <td>0.460560</td>\n",
       "      <td>0.404928</td>\n",
       "      <td>0.571174</td>\n",
       "      <td>1.000000</td>\n",
       "      <td>-0.015041</td>\n",
       "      <td>0.100009</td>\n",
       "      <td>0.377339</td>\n",
       "      <td>0.331695</td>\n",
       "      <td>0.704576</td>\n",
       "      <td>0.401044</td>\n",
       "      <td>0.474436</td>\n",
       "      <td>0.551933</td>\n",
       "    </tr>\n",
       "    <tr>\n",
       "      <th>CW</th>\n",
       "      <td>0.219253</td>\n",
       "      <td>-0.131503</td>\n",
       "      <td>-0.081415</td>\n",
       "      <td>-0.171452</td>\n",
       "      <td>0.051501</td>\n",
       "      <td>-0.147946</td>\n",
       "      <td>-0.068004</td>\n",
       "      <td>-0.015041</td>\n",
       "      <td>1.000000</td>\n",
       "      <td>0.384810</td>\n",
       "      <td>0.703511</td>\n",
       "      <td>0.023140</td>\n",
       "      <td>0.058801</td>\n",
       "      <td>-0.216090</td>\n",
       "      <td>-0.208610</td>\n",
       "      <td>-0.295116</td>\n",
       "    </tr>\n",
       "    <tr>\n",
       "      <th>DGII</th>\n",
       "      <td>-0.521524</td>\n",
       "      <td>-0.717925</td>\n",
       "      <td>-0.681827</td>\n",
       "      <td>-0.430851</td>\n",
       "      <td>0.212126</td>\n",
       "      <td>-0.700730</td>\n",
       "      <td>-0.575143</td>\n",
       "      <td>0.100009</td>\n",
       "      <td>0.384810</td>\n",
       "      <td>1.000000</td>\n",
       "      <td>0.087292</td>\n",
       "      <td>-0.695803</td>\n",
       "      <td>-0.157563</td>\n",
       "      <td>-0.683547</td>\n",
       "      <td>-0.389371</td>\n",
       "      <td>0.207978</td>\n",
       "    </tr>\n",
       "    <tr>\n",
       "      <th>RMBS</th>\n",
       "      <td>0.597318</td>\n",
       "      <td>0.374849</td>\n",
       "      <td>0.431260</td>\n",
       "      <td>0.309766</td>\n",
       "      <td>0.230937</td>\n",
       "      <td>0.333371</td>\n",
       "      <td>0.490848</td>\n",
       "      <td>0.377339</td>\n",
       "      <td>0.703511</td>\n",
       "      <td>0.087292</td>\n",
       "      <td>1.000000</td>\n",
       "      <td>0.429694</td>\n",
       "      <td>0.421873</td>\n",
       "      <td>0.193849</td>\n",
       "      <td>0.077382</td>\n",
       "      <td>-0.038260</td>\n",
       "    </tr>\n",
       "    <tr>\n",
       "      <th>NLOK</th>\n",
       "      <td>0.801870</td>\n",
       "      <td>0.813660</td>\n",
       "      <td>0.801855</td>\n",
       "      <td>0.606118</td>\n",
       "      <td>0.121964</td>\n",
       "      <td>0.861595</td>\n",
       "      <td>0.781836</td>\n",
       "      <td>0.331695</td>\n",
       "      <td>0.023140</td>\n",
       "      <td>-0.695803</td>\n",
       "      <td>0.429694</td>\n",
       "      <td>1.000000</td>\n",
       "      <td>0.599776</td>\n",
       "      <td>0.775134</td>\n",
       "      <td>0.469355</td>\n",
       "      <td>0.035056</td>\n",
       "    </tr>\n",
       "    <tr>\n",
       "      <th>MRUS</th>\n",
       "      <td>0.429392</td>\n",
       "      <td>0.471691</td>\n",
       "      <td>0.581211</td>\n",
       "      <td>0.638691</td>\n",
       "      <td>0.314940</td>\n",
       "      <td>0.514029</td>\n",
       "      <td>0.677541</td>\n",
       "      <td>0.704576</td>\n",
       "      <td>0.058801</td>\n",
       "      <td>-0.157563</td>\n",
       "      <td>0.421873</td>\n",
       "      <td>0.599776</td>\n",
       "      <td>1.000000</td>\n",
       "      <td>0.584988</td>\n",
       "      <td>0.706906</td>\n",
       "      <td>0.574999</td>\n",
       "    </tr>\n",
       "    <tr>\n",
       "      <th>DEA</th>\n",
       "      <td>0.555828</td>\n",
       "      <td>0.826779</td>\n",
       "      <td>0.803044</td>\n",
       "      <td>0.727798</td>\n",
       "      <td>0.387155</td>\n",
       "      <td>0.794120</td>\n",
       "      <td>0.814320</td>\n",
       "      <td>0.401044</td>\n",
       "      <td>-0.216090</td>\n",
       "      <td>-0.683547</td>\n",
       "      <td>0.193849</td>\n",
       "      <td>0.775134</td>\n",
       "      <td>0.584988</td>\n",
       "      <td>1.000000</td>\n",
       "      <td>0.582193</td>\n",
       "      <td>0.316715</td>\n",
       "    </tr>\n",
       "    <tr>\n",
       "      <th>CLVS</th>\n",
       "      <td>0.384343</td>\n",
       "      <td>0.510240</td>\n",
       "      <td>0.616765</td>\n",
       "      <td>0.673315</td>\n",
       "      <td>0.167901</td>\n",
       "      <td>0.528807</td>\n",
       "      <td>0.664711</td>\n",
       "      <td>0.474436</td>\n",
       "      <td>-0.208610</td>\n",
       "      <td>-0.389371</td>\n",
       "      <td>0.077382</td>\n",
       "      <td>0.469355</td>\n",
       "      <td>0.706906</td>\n",
       "      <td>0.582193</td>\n",
       "      <td>1.000000</td>\n",
       "      <td>0.454535</td>\n",
       "    </tr>\n",
       "    <tr>\n",
       "      <th>AMWL</th>\n",
       "      <td>-0.099586</td>\n",
       "      <td>0.085394</td>\n",
       "      <td>0.114255</td>\n",
       "      <td>0.378745</td>\n",
       "      <td>0.540903</td>\n",
       "      <td>0.122793</td>\n",
       "      <td>0.268084</td>\n",
       "      <td>0.551933</td>\n",
       "      <td>-0.295116</td>\n",
       "      <td>0.207978</td>\n",
       "      <td>-0.038260</td>\n",
       "      <td>0.035056</td>\n",
       "      <td>0.574999</td>\n",
       "      <td>0.316715</td>\n",
       "      <td>0.454535</td>\n",
       "      <td>1.000000</td>\n",
       "    </tr>\n",
       "  </tbody>\n",
       "</table>\n",
       "</div>"
      ],
      "text/plain": [
       "           EAT      YCBD      TNXP      SIOX      PTVE       COF       SFT  \\\n",
       "EAT   1.000000  0.736091  0.781966  0.596389  0.217418  0.847045  0.740395   \n",
       "YCBD  0.736091  1.000000  0.923274  0.811869  0.286893  0.891576  0.898808   \n",
       "TNXP  0.781966  0.923274  1.000000  0.889300  0.249187  0.902556  0.957045   \n",
       "SIOX  0.596389  0.811869  0.889300  1.000000  0.426529  0.811936  0.889719   \n",
       "PTVE  0.217418  0.286893  0.249187  0.426529  1.000000  0.312775  0.350687   \n",
       "COF   0.847045  0.891576  0.902556  0.811936  0.312775  1.000000  0.864107   \n",
       "SFT   0.740395  0.898808  0.957045  0.889719  0.350687  0.864107  1.000000   \n",
       "OCUL  0.349015  0.342729  0.469659  0.625380  0.460560  0.404928  0.571174   \n",
       "CW    0.219253 -0.131503 -0.081415 -0.171452  0.051501 -0.147946 -0.068004   \n",
       "DGII -0.521524 -0.717925 -0.681827 -0.430851  0.212126 -0.700730 -0.575143   \n",
       "RMBS  0.597318  0.374849  0.431260  0.309766  0.230937  0.333371  0.490848   \n",
       "NLOK  0.801870  0.813660  0.801855  0.606118  0.121964  0.861595  0.781836   \n",
       "MRUS  0.429392  0.471691  0.581211  0.638691  0.314940  0.514029  0.677541   \n",
       "DEA   0.555828  0.826779  0.803044  0.727798  0.387155  0.794120  0.814320   \n",
       "CLVS  0.384343  0.510240  0.616765  0.673315  0.167901  0.528807  0.664711   \n",
       "AMWL -0.099586  0.085394  0.114255  0.378745  0.540903  0.122793  0.268084   \n",
       "\n",
       "          OCUL        CW      DGII      RMBS      NLOK      MRUS       DEA  \\\n",
       "EAT   0.349015  0.219253 -0.521524  0.597318  0.801870  0.429392  0.555828   \n",
       "YCBD  0.342729 -0.131503 -0.717925  0.374849  0.813660  0.471691  0.826779   \n",
       "TNXP  0.469659 -0.081415 -0.681827  0.431260  0.801855  0.581211  0.803044   \n",
       "SIOX  0.625380 -0.171452 -0.430851  0.309766  0.606118  0.638691  0.727798   \n",
       "PTVE  0.460560  0.051501  0.212126  0.230937  0.121964  0.314940  0.387155   \n",
       "COF   0.404928 -0.147946 -0.700730  0.333371  0.861595  0.514029  0.794120   \n",
       "SFT   0.571174 -0.068004 -0.575143  0.490848  0.781836  0.677541  0.814320   \n",
       "OCUL  1.000000 -0.015041  0.100009  0.377339  0.331695  0.704576  0.401044   \n",
       "CW   -0.015041  1.000000  0.384810  0.703511  0.023140  0.058801 -0.216090   \n",
       "DGII  0.100009  0.384810  1.000000  0.087292 -0.695803 -0.157563 -0.683547   \n",
       "RMBS  0.377339  0.703511  0.087292  1.000000  0.429694  0.421873  0.193849   \n",
       "NLOK  0.331695  0.023140 -0.695803  0.429694  1.000000  0.599776  0.775134   \n",
       "MRUS  0.704576  0.058801 -0.157563  0.421873  0.599776  1.000000  0.584988   \n",
       "DEA   0.401044 -0.216090 -0.683547  0.193849  0.775134  0.584988  1.000000   \n",
       "CLVS  0.474436 -0.208610 -0.389371  0.077382  0.469355  0.706906  0.582193   \n",
       "AMWL  0.551933 -0.295116  0.207978 -0.038260  0.035056  0.574999  0.316715   \n",
       "\n",
       "          CLVS      AMWL  \n",
       "EAT   0.384343 -0.099586  \n",
       "YCBD  0.510240  0.085394  \n",
       "TNXP  0.616765  0.114255  \n",
       "SIOX  0.673315  0.378745  \n",
       "PTVE  0.167901  0.540903  \n",
       "COF   0.528807  0.122793  \n",
       "SFT   0.664711  0.268084  \n",
       "OCUL  0.474436  0.551933  \n",
       "CW   -0.208610 -0.295116  \n",
       "DGII -0.389371  0.207978  \n",
       "RMBS  0.077382 -0.038260  \n",
       "NLOK  0.469355  0.035056  \n",
       "MRUS  0.706906  0.574999  \n",
       "DEA   0.582193  0.316715  \n",
       "CLVS  1.000000  0.454535  \n",
       "AMWL  0.454535  1.000000  "
      ]
     },
     "execution_count": 4,
     "metadata": {},
     "output_type": "execute_result"
    }
   ],
   "source": [
    "#create dataframe of ticker closing values from given tickers\n",
    "frame = [tickers_close.get(t[0]).rename(columns={'Close':t[0]})[t[0]] for t in tlist_betas]\n",
    "beta_data = pd.concat(frame, axis=1)\n",
    "\n",
    "#removing duplicate pairs\n",
    "def rem_dupe(df):\n",
    "    cols = df.columns\n",
    "    #python sets automatically ignore duplicates\n",
    "    rem = set()\n",
    "    #iterate through df and add all pairs\n",
    "    for i in range(0, df.shape[1]):\n",
    "        for j in range(0, i+1):\n",
    "            rem.add((cols[i], cols[j]))\n",
    "    return rem\n",
    "\n",
    "#creating a sorted correlation matrix\n",
    "def sorted_corr(df):\n",
    "    #unstacking pandas correlation matrix for readability\n",
    "    corrs = df.corr().unstack()\n",
    "    #getting the duplicate correlation pairs\n",
    "    drop = rem_dupe(df)\n",
    "    return corrs.drop(labels=drop).sort_values(ascending=False) #dropping all the duplicates\n",
    "\n",
    "top_c = sorted_corr(beta_data)\n",
    "beta_data.corr()"
   ]
  },
  {
   "cell_type": "code",
   "execution_count": 5,
   "metadata": {
    "colab": {
     "base_uri": "https://localhost:8080/"
    },
    "id": "m46LsJecJueh",
    "outputId": "c16a4e79-be14-4d56-fdde-857d3c5b5403"
   },
   "outputs": [
    {
     "data": {
      "text/plain": [
       "[['EAT', 2.352194, 1],\n",
       " ['COF', 1.432716, 0.8470454649340894],\n",
       " ['NLOK', 0.998549, 0.801869781218398],\n",
       " ['TNXP', 1.670293, 0.7819655386111023],\n",
       " ['SFT', 1.397904, 0.7403953391335354],\n",
       " ['YCBD', 2.179478, 0.736091115213928],\n",
       " ['RMBS', 1.172651, 0.5973183590815034],\n",
       " ['SIOX', 1.581066, 0.5963893603594239],\n",
       " ['DEA', 0.610083, 0.5558277659269022],\n",
       " ['MRUS', 0.910409, 0.4293915558305064],\n",
       " ['CLVS', 0.389916, 0.3843428471673235],\n",
       " ['OCUL', 1.371055, 0.3490148743493396]]"
      ]
     },
     "execution_count": 5,
     "metadata": {},
     "output_type": "execute_result"
    }
   ],
   "source": [
    "min_port_size = 12\n",
    "\n",
    "#coverting two series to list of tuples\n",
    "def make_tuples(s1, s2):\n",
    "  return list(zip(s1, s2))\n",
    "\n",
    "tlist_final = []\n",
    "for ticker in tlist_betas:\n",
    "\n",
    "  temp_index = pd.DataFrame(top_c[ticker[0]]).index\n",
    "  temp_closing = pd.DataFrame(top_c[ticker[0]])[0]\n",
    "\n",
    "  #create list of tickers with their corresponding correlations with other tickers\n",
    "  corr_temp = make_tuples(temp_index, temp_closing)\n",
    "\n",
    "  #check if there are more positively correlated tickers than given minimum portfolio size\n",
    "  if len([x for x in corr_temp if x[1] > 0]) >= min_port_size:\n",
    "    #if so, create a new list with the ticker as the first element\n",
    "    tlist_final.append([ticker[0], ticker[1], 1])\n",
    "\n",
    "    #and add the remaining stocks with their correlation to the ticker to the list (in descending order)\n",
    "    for stock in corr_temp:\n",
    "\n",
    "      if stock[1] > 0 and len(tlist_final) < min_port_size:\n",
    "        tlist_final.append([stock[0], tdict_betas.get(stock[0]), top_c[ticker[0]][stock[0]]]) #in the form (ticker, beta, correlation)\n",
    "\n",
    "    #if not, go to the next highest beta ticker and check their correlations\n",
    "  #end loop if number of tickers reaches desired size\n",
    "  if len(tlist_final) == min_port_size:\n",
    "    break\n",
    "\n",
    "tlist_final"
   ]
  },
  {
   "cell_type": "markdown",
   "metadata": {},
   "source": [
    "### Allocating Weights\n",
    "\n",
    "We wish to create the riskiest portfolio possible. To do so, we will have our algorithm generate thousands of possible weights for each stock based on a cutoff system. It is composed of the following:\n",
    "1. Split stocks into two groups based on a risk/correlation tolerance\n",
    "2. Shift the weights of the groups based on a set increment/decrement value\n",
    "3. Shift the weights of the stocks within the riskiest group to maximize our desired metric\n",
    "\n",
    "Additional failsafes are added in the case that no stocks meet our set tolerances."
   ]
  },
  {
   "cell_type": "code",
   "execution_count": 6,
   "metadata": {
    "colab": {
     "base_uri": "https://localhost:8080/"
    },
    "id": "2W1h8uFIhwBW",
    "outputId": "56a5c566-4e3b-474c-915d-fc8afc2aef30"
   },
   "outputs": [
    {
     "name": "stdout",
     "output_type": "stream",
     "text": [
      "[['EAT', 2.352194, 1], ['COF', 1.432716, 0.8470454649340894], ['TNXP', 1.670293, 0.7819655386111023], ['SFT', 1.397904, 0.7403953391335354], ['YCBD', 2.179478, 0.736091115213928], ['RMBS', 1.172651, 0.5973183590815034], ['SIOX', 1.581066, 0.5963893603594239]]\n",
      "[['NLOK', 0.998549, 0.801869781218398], ['DEA', 0.610083, 0.5558277659269022], ['MRUS', 0.910409, 0.4293915558305064], ['CLVS', 0.389916, 0.3843428471673235], ['OCUL', 1.371055, 0.3490148743493396]]\n",
      "The weight distribution of beta_gt:beta_lt is  0.20833333333333337 0.7916666666666666\n"
     ]
    }
   ],
   "source": [
    "total = 500000\n",
    "min_weight = (100/(len(tlist_final)*2))/100\n",
    "max_weight = 0.25\n",
    "correlation_cutoff = 0.5\n",
    "beta_cutoff = 1\n",
    "\n",
    "beta_gt = []\n",
    "beta_lt = []\n",
    "\n",
    "#make sure beta_gt has at least 2 stocks by changing beta cutoff if not filled\n",
    "#since correlation is more important than beta as we want the portfolio trend to resemble that of the most volatile stock\n",
    "while len(beta_gt) < 2:\n",
    "  beta_gt = [stock for stock in tlist_final  if stock[1] >= beta_cutoff and stock[2] >= correlation_cutoff] #betas and correlation greater than cutoff\n",
    "  beta_lt = [stock for stock in tlist_final  if stock[1] < beta_cutoff or stock[2] < correlation_cutoff] #betas and correlation less than cutoff\n",
    "  beta_cutoff -= 0.1\n",
    "\n",
    "print(beta_gt)\n",
    "print(beta_lt) \n",
    "\n",
    "pct_allocated_low = len(beta_lt)*min_weight #lowest possible weight for beta_lt tickers\n",
    "pct_allocated_high = 1 - pct_allocated_low #greatest possible weight for beta_gt tickers\n",
    "\n",
    "#adjust weights if allocated weights for beta_gt is too high (i.e. each ticker > max weight)\n",
    "if pct_allocated_high/len(beta_gt) > max_weight:\n",
    "  pct_allocated_low += pct_allocated_high - max_weight*len(beta_gt)\n",
    "  pct_allocated_high = max_weight*len(beta_gt)\n",
    "\n",
    "print(\"The weight distribution of beta_gt:beta_lt is \" , pct_allocated_low, pct_allocated_high)"
   ]
  },
  {
   "cell_type": "markdown",
   "metadata": {
    "id": "e05XlWOy9k7C"
   },
   "source": [
    "### The “Inverse” Sharpe Ratio:\n",
    "\n",
    "In class, we learned about the Sharpe Ratio, which compares the returns of an investment to the risk it has. It does this by taking the average returns of the portfolio subtracting the risk-free rate and dividing that by the Standard Deviation. (As in Assignment 3, we will disregard the risk-free rate). The Sharpe ratio is meant to reward investments that have a high rate of return with a low amount of risk. For the purposes of our decision-making process, we decided to alter the Sharpe Ratio. Instead of measuring investments based on their returns in perspective to their risk, we want to measure investments based on their combined risk and return. Since our goal is to seek out investments with high returns and high volatility, we need to alter the formula. Instead of dividing by the Standard Deviation (which is a measure of risk), we will multiply by the Standard Deviation. This means that our new metric, the “Inverse” Sharpe Ratio now rewards stocks with both high returns and high volatility. \n",
    "\n",
    "\n",
    "The formula is as follows:\n",
    "\n",
    "$Sharpe Ratio=\\frac{R_P}{\\sigma_P}$\n",
    "\n",
    "$\"Inverse\" Sharpe Ratio=|{R_P}\\times{\\sigma_P}|$\n",
    "\n",
    "*Note: We will take the absolute value of the returns/standard Deviation as it is possible for the cumulative returns of an investment to be negative, and since we do not care whether our investment gains or losses, we want to equally evaluate stocks that lose value. "
   ]
  },
  {
   "cell_type": "code",
   "execution_count": null,
   "metadata": {
    "id": "YTVvqs2Td63X",
    "scrolled": true
   },
   "outputs": [],
   "source": [
    "#create portfolios with closing values for beta_gt and beta_lt\n",
    "frame1 = [tickers_close.get(t[0]).rename(columns={'Close':t[0]})[t[0]] for t in beta_lt]\n",
    "frame2 = [tickers_close.get(t[0]).rename(columns={'Close':t[0]})[t[0]] for t in beta_gt]\n",
    "port_lt = pd.concat(frame1, axis=1)\n",
    "port_gt = pd.concat(frame2, axis=1)\n",
    "\n",
    "pct_allocated_high_copy = pct_allocated_high\n",
    "pct_allocated_low_copy = pct_allocated_low\n",
    "\n",
    "increment = 0.01 #variation in weighting for each iteration, set to 1% on default\n",
    "\n",
    "#our own version of risk/volatility calculation, \"inverse sharpe ratio\"\n",
    "isharpes = []\n",
    "\n",
    "#calculate greatest possible weight for ticker with heighest beta\n",
    "#if (allocated weight for beta_gt - lowest possible weight for all tickers other than highest beta in beta_gt) > max weight, then set it to max weight\n",
    "greatest_possible_weight = max_weight if (pct_allocated_high_copy - min_weight*(len(beta_gt)-1)) > max_weight else (pct_allocated_high_copy - min_weight*(len(beta_gt)-1))\n",
    "\n",
    "#continue iterations as long as the average weight of beta_gt tickers is greater than min weight,\n",
    "#and average weight of beta_lt tickers are less than max weight\n",
    "while pct_allocated_high_copy/len(beta_gt) >= min_weight and pct_allocated_high_copy/len(beta_gt) <= max_weight and pct_allocated_low_copy/len(beta_lt) <= max_weight and pct_allocated_low_copy/len(beta_lt) >= min_weight:\n",
    "\n",
    "  #reset max weight for each iteration of allocated weights\n",
    "  iter_weight = greatest_possible_weight\n",
    "\n",
    "  #continue shifting the weights of the greatest beta ticker and the other beta_gt tickers as long as\n",
    "  # 1. the weight of the remaining tickers are less than the max weight\n",
    "  # 2. the weight of the greatest beta ticker is greater than the min weight\n",
    "  cutoff1 = (pct_allocated_high_copy - iter_weight)/(len(beta_gt)-1)\n",
    "  cutoff2 = iter_weight\n",
    "  while cutoff1 <= max_weight and cutoff1 >= min_weight and iter_weight >= min_weight and cutoff2 <= max_weight:\n",
    "    template = {\n",
    "          \"Ticker\": [],\n",
    "          \"Weight\": []\n",
    "    }\n",
    "    t_portfolio_final = pd.DataFrame(template)\n",
    "    t_port_gt = port_gt.copy()\n",
    "    t_port_lt = port_lt.copy()\n",
    "\n",
    "    #add the greatest beta stock into the portfolio first\n",
    "    stock = beta_gt[0][0]\n",
    "    t_port_gt[stock + \"_value\"] = t_port_gt[stock]*(iter_weight*total/t_port_gt[stock][0])\n",
    "\n",
    "    #appending the same as above but in the form of the template\n",
    "    t_row = {\"Ticker\": stock, \"Weight\": iter_weight}\n",
    "    t_portfolio_final = t_portfolio_final.append(t_row, ignore_index=True)\n",
    "\n",
    "    remaining_weight = pct_allocated_high_copy - iter_weight #weight available to distribute to the remaining beta_gt tickers\n",
    "\n",
    "    #calculating values for the two portfolios\n",
    "\n",
    "    for stock_raw in beta_gt[1:]:\n",
    "      stock = stock_raw[0]\n",
    "      t_port_gt[stock + \"_value\"] = t_port_gt[stock]*remaining_weight/(len(beta_gt)-1)*total/t_port_gt[stock][0]\n",
    "\n",
    "      #appending same as above but in the form of the template\n",
    "      t_row = {\"Ticker\": stock,\"Weight\": remaining_weight/(len(beta_gt)-1)}\n",
    "      t_portfolio_final = t_portfolio_final.append(t_row, ignore_index=True)\n",
    "\n",
    "    for stock_raw in beta_lt:\n",
    "      stock = stock_raw[0]\n",
    "      t_port_lt[stock + \"_value\"] = t_port_lt[stock]*(pct_allocated_low_copy/len(beta_lt)*total/t_port_lt[stock][0])\n",
    "\n",
    "      #appending same as above but in the form of the template\n",
    "      t_row = {\"Ticker\": stock, \"Weight\": pct_allocated_low_copy/len(beta_lt)}\n",
    "      t_portfolio_final = t_portfolio_final.append(t_row, ignore_index=True)\n",
    "\n",
    "    #joining the two portions together\n",
    "    t_port_final = pd.concat([t_port_gt, t_port_lt], axis=1)\n",
    "\n",
    "    #calculating rate of return for the entire portfolio\n",
    "    t_port_final['port_val'] = t_port_final[[col for col in t_port_final.columns if col.endswith('_value')]].sum(axis=1)\n",
    "    t_port_final['pct_change'] = t_port_final['port_val'].pct_change()\n",
    "\n",
    "    # \"inverse sharpe ratio\"\n",
    "    isharpe = abs(t_port_final['pct_change'].mean() * t_port_final['pct_change'].std())\n",
    "\n",
